2015 399.949
2016 403.117
2017 405.762
2018 408.632
2019 411.506
2020 414.39
2021 417.287
2022 420.198
2023 423.125
2024 426.069
2025 429.03
2026 432.011
2027 435.012
2028 438.033
2029 441.077
2030 444.143
2031 447.232
2032 450.333
2033 453.435
2034 456.541
2035 459.652
2036 462.77
2037 465.897
2038 469.033
2039 472.179
2040 475.336
2041 478.504
2042 481.674
2043 484.838
2044 487.996
2045 491.15
2046 494.3
2047 497.447
2048 500.592
2049 503.734
2050 506.875
2051 510.014
2052 513.137
2053 516.23
2054 519.292
2055 522.326
2056 525.332
2057 528.31
2058 531.261
2059 534.186
2060 537.085
2061 539.958
2062 542.795
2063 545.587
2064 548.335
2065 551.039
2066 553.7
2067 556.319
2068 558.895
2069 561.431
2070 563.925
2071 566.38
2072 568.772
2073 571.083
2074 573.314
2075 575.466
2076 577.54
2077 579.537
2078 581.458
2079 583.304
2080 585.074
2081 586.77
2082 588.378
2083 589.886
2084 591.296
2085 592.609
2086 593.825
2087 594.945
2088 595.97
2089 596.9
2090 597.735
2091 598.477
2092 599.15
2093 599.776
2094 600.355
2095 600.886
2096 601.366
2097 601.797
2098 602.177
2099 602.505
2100 602.782